comment=parameters determined from STL build of the testArtifact
resolution=30
speed=0.00089999998
sinkTemp=200.0
nu=0.30000001
thermExpPlate=1.6e-05
thermExpBuild=1.6e-05
elasticPlate=210000.0
elasticBuild=210000.0
yieldBuild=170
utsBuild=495
utsStrainBuild=0.4
yieldPlate=170
utsPlate=495
utsStrainPlate=0.4
densityPlate=7.9899998e-09
densityBuild=7.9899998e-09
solidify=300.0


