comment=parameters determined from EBM build of the testArtifact
speed=0.00089999998
densityPlate=7.9899998e-09
elasticBuild=190000.0
elasticPlate=210000.0
yieldPlate=170
utsPlate=495
yieldBuild=900
utsBuild=1035
utsStrainPlate=0.40000001
utsStrainBuild=0.40000001
resolution=120
thermExpPlate=2.72e-05
solidify=1000.0
thermExpBuild22=2.2099999e-05
nu=0.30000001
sinkTemp=80
dwell=3896.0532788244373
thermExpBuild11=2.2099999e-05
densityBuild=7.9899998e-09
thermExpBuild33=2.2099999e-05
