creepnhot=4.31734804699
sinkCond=0.005
coolDown=7200000.0
creepAcold=9.9999999999e-41
creepAmiddle=9.430818936e-21
nu=0.3
comment=Default settings
speed=0.0009
specHeat=500000000.0
solidify=749.51668103
thermExpBot=0.000100639717571
elasticHot=136000.0
conductivity=0.055016605836
elasticCold=210000.0
elasticMiddle=173000.0
thermExpHot=2e-05
creepncold=3.8072475794
creepAhot=1.0001492236e-20
creepnmiddle=6.13034758742
thermExpCold=1.3e-05
density=7.99e-09
resolution=50
sinkTemp=200.0
