thermExpBot=0.000100639717571
resolution=50
creepAhot=1.0001492236e-20
creepncold=3.8072475794
creepAcold=9.9999999999e-41
creepnhot=4.31734804699
density=7.99e-09
solidify=749.51668103
nu=0.3
sinkCond=0.005
thermExpCold=1.3e-05
speed=0.0009
creepnmiddle=6.13034758742
elasticMiddle=173000.0
coolDown=7200000.0
specHeat=500000000.0
comment=Default settings
elasticHot=136000.0
conductivity=0.055016605836
creepAmiddle=9.430818936e-21
thermExpHot=2e-05
sinkTemp=200.0
elasticCold=210000.0
