*parameter
creepnmiddle=6.13034758742
solidify=749.51668103
resolution=56
creepAhot=1.0001492236e-20
creepncold=3.8072475794
thermExpCold=1.3e-05
conductivity=0.055016605836
creepAcold=9.9999999999e-41
density=7.99e-09
thermExpHot=2e-05
sinkTemp=200.0
sinkCond=0.005
nu=0.3
creepnhot=4.31734804699
thermExpBot=0.000100639717571
creepAmiddle=9.4308189360e-21
coolDown=7200000.0
specHeat=500000000.0
speed=0.0009
elasticHot=136000.0
elasticMiddle=173000.0
elasticCold=210000.0
